TrainData = [7 1 1 1 2
             7 1 1 2 2
             8 1 1 1 1
             9 2 1 1 1
             9 3 2 1 1
             9 3 2 2 2
             8 3 2 2 1
             7 2 1 1 2
             7 3 2 1 1
             9 2 2 1 1
             7 2 2 2 1
             8 2 1 2 1
             8 1 2 1 1
             9 2 1 2 2];
         
save train_data TrainData;